9.999999999999999124e-06 4.360573363820501669e+01
1.016265089392995130e-05 4.429107634828836382e+01
1.032794731918952453e-05 4.498718952666935422e+01
1.049593230558226521e-05 4.569424240230731016e+01
1.066664958279538781e-05 4.641240686230705137e+01
1.084014359178330984e-05 4.714185749365302058e+01
1.101645949633657016e-05 4.788277162559982258e+01
1.119564319483879533e-05 4.863532937272587020e+01
1.137774133221490236e-05 4.939971367866471041e+01
1.156280131207375472e-05 5.017611036052144868e+01
1.175087130904807549e-05 5.096470815398557619e+01
1.194200028133532407e-05 5.176569875915348717e+01
1.213623798344241651e-05 5.257927688706796943e+01
1.233363497913774693e-05 5.340564030698944720e+01
1.253424265461399484e-05 5.424498989440857599e+01
1.273811323186478452e-05 5.509752967981134475e+01
1.294529978227915899e-05 5.596346689821063336e+01
1.315585624045705155e-05 5.684301203945384628e+01
1.336983741824945150e-05 5.773637889932073364e+01
1.358729901902709093e-05 5.864378463142256237e+01
1.380829765218092365e-05 5.956544979991524258e+01
1.403289084785873161e-05 6.050159843303998741e+01
1.426113707194129759e-05 6.145245807750401923e+01
1.449309574126215066e-05 6.241825985371407626e+01
1.472882723907501804e-05 6.339923851187704429e+01
1.496839293077255598e-05 6.439563248898024028e+01
1.521185517986104894e-05 6.540768396666555873e+01
1.545927736419478539e-05 6.643563893001258691e+01
1.571072389247448757e-05 6.747974722724271146e+01
1.596626022101425084e-05 6.854026263036061550e+01
1.622595287078087002e-05 6.961744289674675201e+01
1.648986944471064877e-05 7.071154983171673791e+01
1.675807864530768815e-05 7.182284935206095611e+01
1.703065029252842823e-05 7.295161155058221425e+01
1.730765534195724041e-05 7.409811076164578481e+01
1.758916590327732596e-05 7.526262562775599463e+01
1.787525525904235186e-05 7.644543916717971399e+01
1.816599788375328615e-05 7.764683884262888114e+01
1.846146946324545750e-05 7.886711663102089176e+01
1.876174691439119540e-05 8.010656909433434691e+01
1.906690840512252017e-05 8.136549745157410030e+01
1.937703337477988640e-05 8.264420765186706319e+01
1.969220255479173340e-05 8.394301044870411488e+01
2.001249798969034841e-05 8.526222147534618045e+01
2.033800305846979900e-05 8.660216132141334811e+01
2.066880249629082024e-05 8.796315561067557098e+01
2.100498241653915194e-05 8.934553508006301570e+01
2.134663033324245187e-05 9.074963565991612313e+01
2.169383518385182289e-05 9.217579855549429624e+01
2.204668735239407619e-05 9.362437032976365003e+01
2.240527869300018224e-05 9.509570298748144523e+01
2.276970255381680078e-05 9.659015406060183295e+01
2.314005380130654141e-05 9.810808669501864188e+01
2.351642884494351072e-05 9.964986973867122799e+01
2.389892566231047497e-05 1.012158778310293457e+02
2.428764382460450277e-05 1.028064914939850496e+02
2.468268452255692542e-05 1.044220972241659098e+02
2.508415059277541105e-05 1.060630875866989697e+02
2.549214654451425796e-05 1.077298613104450880e+02
2.590677858688005951e-05 1.094228233847251204e+02
2.632815465648019783e-05 1.111423851575651867e+02
2.675638444552045131e-05 1.128889644354809718e+02
2.719157943036018971e-05 1.146629855848271546e+02
2.763385290053172626e-05 1.164648796347377555e+02
2.808331998823169760e-05 1.182950843816787909e+02
2.854009769829237252e-05 1.201540444956425802e+02
2.900430493863991665e-05 1.220422116280044662e+02
2.947606255124858801e-05 1.239600445210743374e+02
2.995549334359816519e-05 1.259080091193634274e+02
3.044272212064299681e-05 1.278865786825975448e+02
3.093787571730136646e-05 1.298962339005018691e+02
3.144108303147264728e-05 1.319374630093847713e+02
3.195247505759213607e-05 1.340107619105519348e+02
3.247218492073131901e-05 1.361166342905746944e+02
3.300034791125281526e-05 1.382555917434461321e+02
3.353710152002928861e-05 1.404281538946537182e+02
3.408258547423451975e-05 1.426348485271914512e+02
3.463694177371734559e-05 1.448762117095561450e+02
3.520031472796682085e-05 1.471527879257450593e+02
3.577285099367869166e-05 1.494651302072921908e+02
3.635469961293317630e-05 1.518138002673786389e+02
3.694601205199302477e-05 1.541993686370404646e+02
3.754694224073336996e-05 1.566224148035154258e+02
3.815764661271252544e-05 1.590835273507585441e+02
3.877828414589453094e-05 1.615833041021592749e+02
3.940901640403447737e-05 1.641223522654989893e+02
4.005000757873611187e-05 1.667012885801770494e+02
4.070142453219438740e-05 1.693207394667482788e+02
4.136343684063277602e-05 1.719813411788048256e+02
4.203621683844717692e-05 1.746837399572361562e+02
4.271993966306776293e-05 1.774285921869110609e+02
4.341478330055092863e-05 1.802165645558151255e+02
4.412092863191190454e-05 1.830483342166791090e+02
4.483855948021190816e-05 1.859245889511479675e+02
4.556786265841068756e-05 1.888460273365167268e+02
4.630902801799737309e-05 1.918133589150851606e+02
4.706224849841281693e-05 1.948273043661651798e+02
4.782772017727485219e-05 1.978885956807833963e+02
4.860564232142138599e-05 2.009979763391250174e+02
4.939621743878325959e-05 2.041562014907572404e+02
5.019965133110079395e-05 2.073640381376776816e+02
5.101615314749833230e-05 2.106222653202353854e+02
5.184593543892912596e-05 2.139316743059600299e+02
5.268921421350676549e-05 2.172930687813564816e+02
5.354620899273612700e-05 2.207072650467036397e+02
5.441714286865887004e-05 2.241750922139055717e+02
5.530224256192899801e-05 2.276973924074457329e+02
5.620173848083187778e-05 2.312750209684905371e+02
5.711586478126435033e-05 2.349088466621883242e+02
5.804485942768983719e-05 2.385997518882250574e+02
5.898896425508493637e-05 2.423486328946720789e+02
5.994842503189408905e-05 2.461563999951912081e+02
6.092349152400711648e-05 2.500239777896404121e+02
6.191441755977847869e-05 2.539523053881398198e+02
6.292146109610350833e-05 2.579423366386458838e+02
6.394488428556936667e-05 2.619950403580972420e+02
6.498495354469887545e-05 2.661114005671792597e+02
6.604193962330304700e-05 2.702924167287662272e+02
6.711611767496287204e-05 2.745391039901059571e+02
6.820776732865691926e-05 2.788524934287959240e+02
6.931717276155400522e-05 2.832336323026124205e+02
7.044462277299036847e-05 2.876835843032616253e+02
7.159041085964887167e-05 2.922034298140986266e+02
7.275483529196232206e-05 2.967942661718918202e+02
7.393819919175873207e-05 3.014572079326837866e+02
7.514081061116962114e-05 3.061933871418249282e+02
7.636298261282241959e-05 3.110039536082333029e+02
7.760503335133570393e-05 3.158900751829509090e+02
7.886728615614154998e-05 3.208529380420696384e+02
8.015006961565412610e-05 3.258937469740891402e+02
8.145371766280736284e-05 3.310137256717737273e+02
8.277856966198471106e-05 3.362141170285882481e+02
8.412497049736118173e-05 3.414961834397718690e+02
8.549327066268383750e-05 3.468612071081357726e+02
8.688382635251193202e-05 3.523104903546491755e+02
8.829699955494083421e-05 3.578453559338876744e+02
8.973315814583520257e-05 3.634671473544351556e+02
9.119267598459298522e-05 3.691772292042937238e+02
9.267593301146882789e-05 3.749769874813952129e+02
9.418331534647960399e-05 3.808678299292967608e+02
9.571521538991854827e-05 3.868511863781292845e+02
9.727203192450537027e-05 3.929285090908911684e+02
9.885417021919572569e-05 3.991012731151639628e+02
1.004620421346813112e-04 4.053709766132169534e+02
1.020960662306046523e-04 4.117391388501833944e+02
1.037566678745185890e-04 4.182072985167971524e+02
1.054442793526168330e-04 4.247770176786982574e+02
1.071593399822671062e-04 4.314498825559641091e+02
1.089022962263730431e-04 4.382275038908147167e+02
1.106736018095973297e-04 4.451115173207971338e+02
1.124737178364751899e-04 4.521035837575237792e+02
1.143031129114478576e-04 4.592053897710397337e+02
1.161622632608501755e-04 4.664186479799239464e+02
1.180516528568805612e-04 4.737450974471570362e+02
1.199717735435884303e-04 4.811865040819033652e+02
1.219231251649110739e-04 4.887446610472430280e+02
1.239062156947915523e-04 4.964213892454388315e+02
1.259215613694150942e-04 5.042185398511348353e+02
1.279696868215941395e-04 5.121379952420161317e+02
1.300511252173409775e-04 5.201816671922573505e+02
1.321664183946604919e-04 5.283514971894044265e+02
1.343161170046015297e-04 5.366494568924752002e+02
1.365007806546013845e-04 5.450775485970535783e+02
1.387209780541621008e-04 5.536378057074811068e+02
1.409772871628967624e-04 5.623322932162440111e+02
1.432702953409830901e-04 5.711631081906697318e+02
1.456005995020648411e-04 5.801323802670420946e+02
1.479688062686396112e-04 5.892422721522484608e+02
1.503755321299738291e-04 5.984949801330612900e+02
1.528214036025870941e-04 6.078927343964769534e+02
1.553070573933459984e-04 6.174377968299929762e+02
1.578331405652116427e-04 6.271324620470218179e+02
1.604003107056819902e-04 6.369790599573227610e+02
1.630092360979741085e-04 6.469799563553417556e+02
1.656605958949915094e-04 6.571375534638799536e+02
1.683550802961202269e-04 6.674542904858150223e+02
1.710933907269013374e-04 6.779326441639977929e+02
1.738762400216250527e-04 6.885751293494178071e+02
1.767043526088946863e-04 6.993842995777899887e+02
1.795784647002096894e-04 7.103627476546419075e+02
1.824993244816152445e-04 7.215131062490734166e+02
1.854676923084697527e-04 7.328380484962630135e+02
1.884843409033795203e-04 7.443402882423209803e+02
1.915500555573527660e-04 7.560225779508397181e+02
1.946656343342263208e-04 7.678877106736216547e+02
1.978318882784164360e-04 7.799385220982584315e+02
2.010496416260497009e-04 7.921778911939659338e+02
2.043197320195270323e-04 8.046087408565518899e+02
2.076430107255774669e-04 8.172340385626819170e+02
2.110203428568596521e-04 8.300567970335617929e+02
2.144526075971667385e-04 8.430800749081644199e+02
2.179406984302953594e-04 8.563069774261230123e+02
2.214855233726359179e-04 8.697406571204408010e+02
2.250880052095461704e-04 8.833843145201489051e+02
2.287490817355703940e-04 8.972411988630261703e+02
2.324697059985647715e-04 9.113146074772085967e+02
2.362508465477945339e-04 9.256078810074011471e+02
2.400934876860652035e-04 9.401244083670435430e+02
2.439986297259550199e-04 9.548676294669095341e+02
2.479672892502159890e-04 9.698410359551478450e+02
2.520004993764092018e-04 9.850481719668454161e+02
2.560993100258456283e-04 1.000492634883870892e+03
2.602647881969004482e-04 1.016178076105096466e+03
2.644980182427719858e-04 1.032108201827143603e+03
2.688001021537607393e-04 1.048286773835793156e+03
2.731721598441376204e-04 1.064717610308176290e+03
2.776153294436798464e-04 1.081404586625893899e+03
2.821307675939470740e-04 1.098351636197217658e+03
2.867196497493769728e-04 1.115562747628918942e+03
2.913831704832788461e-04 1.133041957576888535e+03
2.961225437988034134e-04 1.150793360089417774e+03
3.009390034449720770e-04 1.168821109521957624e+03
3.058338032378431388e-04 1.187129421375015909e+03
3.108082173869063645e-04 1.205722573142617193e+03
3.158635408267818990e-04 1.224604905171453538e+03
3.210010895543171532e-04 1.243780821530837329e+03
3.262222009711669896e-04 1.263254790893559402e+03
3.315282342319423150e-04 1.283031347427777519e+03
3.369205705980266659e-04 1.303115091700044331e+03
3.424006137971425355e-04 1.323510691589582166e+03
3.479697903887691928e-04 1.344222883138835186e+03
3.536295501355043156e-04 1.365256462275312970e+03
3.593813663804625697e-04 1.386616276118113774e+03
3.652267364308175480e-04 1.408307238969150376e+03
3.711671819475766804e-04 1.430334335228544205e+03
3.772042493416997012e-04 1.452702620303785352e+03
3.833395101766600972e-04 1.475417221528721484e+03
3.895745615775500948e-04 1.498483339092403412e+03
3.959110266468458469e-04 1.521906246977965566e+03
4.023505548869293143e-04 1.545691293911431558e+03
4.088948226294864268e-04 1.569843904320662659e+03
4.155455334718875077e-04 1.594369579304452827e+03
4.223044187206672164e-04 1.619273897611794609e+03
4.291732378422157359e-04 1.644562516068696368e+03
4.361537789208005771e-04 1.670241150147973030e+03
4.432478591240400501e-04 1.696315567695730124e+03
4.504573251759458222e-04 1.722791613393909074e+03
4.577840538376616304e-04 1.749675211320203744e+03
4.652299523960189294e-04 1.776972365864064386e+03
4.727969591600390906e-04 1.804689162649627178e+03
4.804870439655134495e-04 1.832831769465504976e+03
4.883022086877879990e-04 1.861406437201467043e+03
4.962444877628913436e-04 1.890419500791887231e+03
5.043159487171358559e-04 1.919877380165997920e+03
5.125186927053331995e-04 1.949786581204796903e+03
5.208548550577665184e-04 1.980153696704712502e+03
5.293266058360561205e-04 2.010985404843495644e+03
5.379361503980697925e-04 2.042288429643498830e+03
5.466857299720180412e-04 2.074069545948220821e+03
5.555776222398877860e-04 2.106335613129061585e+03
5.646141419303672649e-04 2.139093576932644737e+03
5.737976414214132929e-04 2.172350470278083321e+03
5.831305113526218760e-04 2.206113414054670102e+03
5.926151812475552710e-04 2.240389617919749071e+03
6.022541201461927831e-04 2.275186381096576497e+03
6.120498372476702083e-04 2.310511093171952780e+03
6.220048825634710930e-04 2.346371234893404562e+03
6.321218475812448011e-04 2.382774378965686992e+03
6.424033659394190075e-04 2.419728190846352845e+03
6.528521141127847493e-04 2.457240421075646736e+03
6.634708121092349918e-04 2.495318834321503346e+03
6.742622241778341904e-04 2.533971241040394034e+03
6.852291595284056578e-04 2.573205538765300389e+03
6.963744730628222430e-04 2.613029712991812175e+03
7.077010661181889735e-04 2.653451837639300720e+03
7.192118872221193223e-04 2.694480075500554904e+03
7.309099328602910398e-04 2.736122678679355431e+03
7.427982482564911282e-04 2.778387989015630410e+03
7.548799281653430530e-04 2.821284438497611063e+03
7.671581176779302151e-04 2.864820549660545112e+03
7.796360130405236314e-04 2.909004935971555824e+03
7.923168624866253540e-04 2.953846302199962793e+03
8.052039670825469593e-04 2.999353420908571024e+03
8.183006815867389754e-04 3.045535020821146645e+03
8.316104153230961067e-04 3.092399866166134871e+03
8.451366330684721229e-04 3.139956800708007449e+03
8.588828559546249353e-04 3.188214747602169609e+03
8.728526623848370004e-04 3.237182709177957804e+03
8.870496889654402514e-04 3.286869766691009772e+03
9.014776314524917782e-04 3.337285080044006918e+03
9.161402457138521178e-04 3.388437887475199659e+03
9.310413487069074982e-04 3.440337505213966324e+03
9.461848194721992787e-04 3.492993327102344210e+03
9.615746001432096297e-04 3.546414824182015309e+03
9.772146969725724417e-04 3.600611544238674469e+03
9.931091813749799713e-04 3.655593052786798125e+03
1.009262190987047277e-03 3.711368784321492512e+03
1.025677930744421868e-03 3.767948188380253214e+03
1.042360673976401152e-03 3.825340769733038087e+03
1.059314763518369841e-03 3.883556087056604156e+03
1.076544612842315982e-03 3.942603751552243011e+03
1.094054707205742438e-03 4.002493425505680534e+03
1.111849604819271095e-03 4.063234820788220532e+03
1.129933938033221476e-03 4.124837697298114108e+03
1.148312414543510920e-03 4.187311861341087024e+03
1.166989818617147380e-03 4.250667163948955931e+03
1.185971012337669371e-03 4.314913499135434904e+03
1.205260936870842505e-03 4.380060801405975326e+03
1.224864613750930708e-03 4.446118919557948175e+03
1.244787146187906202e-03 4.513097459322403665e+03
1.265033720395903781e-03 4.581006001601465869e+03
1.285609606943295159e-03 4.649854133323573478e+03
1.306520162124721234e-03 4.719651444371666912e+03
1.327770829355428986e-03 4.790407524422279494e+03
1.349367140588306375e-03 4.862131959694772377e+03
1.371314717753945468e-03 4.934834329609483575e+03
1.393619274224142113e-03 5.008524203353958910e+03
1.416286616299198848e-03 5.083211136356489078e+03
1.439322644719406592e-03 5.158904666665721379e+03
1.462733356201129922e-03 5.235614311235877722e+03
1.486524844997857194e-03 5.313349557155920593e+03
1.510703304486653948e-03 5.392119632494970574e+03
1.535275028780422714e-03 5.471933393729312229e+03
1.560246414366369501e-03 5.552799602436058194e+03
1.585623961771137104e-03 5.634726942959984626e+03
1.611414277253019837e-03 5.717724016952362035e+03
1.637624074521687283e-03 5.801799337791281687e+03
1.664260176485903454e-03 5.886961324883648558e+03
1.691329517029648575e-03 5.973218297847961367e+03
1.718839142817145480e-03 6.060578470578629094e+03
1.746796215127245557e-03 6.149049945191207371e+03
1.775208011717634149e-03 6.238640705849100414e+03
1.804081928719382779e-03 6.329358612471675769e+03
1.833425482562290763e-03 6.421211375945941654e+03
1.863246311931559835e-03 6.514206202015365307e+03
1.893552179756295304e-03 6.608349789967951438e+03
1.924350975230330321e-03 6.703648633176994736e+03
1.955650715865949168e-03 6.800109022903935511e+03
1.987459549580983600e-03 6.897737039978046596e+03
2.019785756819878538e-03 6.996538546348047930e+03
2.052637752709252084e-03 7.096519176508226337e+03
2.086024089248502376e-03 7.197684328800403819e+03
2.119953457536071038e-03 7.300039156594530141e+03
2.154434690031884706e-03 7.403588559350195283e+03
2.189476762856620851e-03 7.508337173561541022e+03
2.225088798128369016e-03 7.614289363588731248e+03
2.261280066337276878e-03 7.721449164328757433e+03
2.298059988758850702e-03 7.829819805138748961e+03
2.335438139906479207e-03 7.939403873122769255e+03
2.373424250023866040e-03 8.050203591620107545e+03
2.412028207618006643e-03 8.162220813168624773e+03
2.451260062033337045e-03 8.275457008362698616e+03
2.491130026067788373e-03 8.389913254620740190e+03
2.531648478631355528e-03 8.505590224867664801e+03
2.572825967447932034e-03 8.622488176139278949e+03
2.614673211801091940e-03 8.740606938114700824e+03
2.657201105324503987e-03 8.859945901583994782e+03
2.700420718837772543e-03 8.980504006858207504e+03
2.744343303228364943e-03 9.102279732128943579e+03
2.788980292380439669e-03 9.225270980871729989e+03
2.834343306151309617e-03 9.349474531301772004e+03
2.880444153396298067e-03 9.474886378667151803e+03
2.927294835042816134e-03 9.601501954983939868e+03
2.974907547214440586e-03 9.729316116493582740e+03
3.023294684405776131e-03 9.858323130654047418e+03
3.072468842709003348e-03 9.988516663155596689e+03
3.122442823092857773e-03 1.011988976497370822e+04
3.173229634734976018e-03 1.025243485947151567e+04
3.224842498408442022e-03 1.038614372956472471e+04
3.277294849923382148e-03 1.052100750496261389e+04
3.330600343624588386e-03 1.065701664949883525e+04
3.384772855945982796e-03 1.079416094856495511e+04
3.439826489022924580e-03 1.093242930870444980e+04
3.495775574363275268e-03 1.107180919825826641e+04
3.552634676578139260e-03 1.121228714864410722e+04
3.610418597173337477e-03 1.135384890758843540e+04
3.669142378402494038e-03 1.149647942626691110e+04
3.728821307182833642e-03 1.164016284667242326e+04
3.789470919074668012e-03 1.178488248922964522e+04
3.851107002325568872e-03 1.193062084067695105e+04
3.913745601980383668e-03 1.207735954223451517e+04
3.977403024058036828e-03 1.222507937808044335e+04
4.042095839796306170e-03 1.237376026415495835e+04
4.107840889965646072e-03 1.252338123731428641e+04
4.174655289253134671e-03 1.267392044367307244e+04
4.242556430717776307e-03 1.282535478135132871e+04
4.311561990318228677e-03 1.297765938304540578e+04
4.381689931514190679e-03 1.313080828269014637e+04
4.452958509942654859e-03 1.328477452390212238e+04
4.525386278170165887e-03 1.343953015092382338e+04
4.598992090522438167e-03 1.359504620013232488e+04
4.673795107992463616e-03 1.375129269214008491e+04
4.749814803228499978e-03 1.390823862451451350e+04
4.827070965603182627e-03 1.406585196514369272e+04
4.905583706365045267e-03 1.422409964627452064e+04
4.985373463873893699e-03 1.438294755925208301e+04
5.066461008921268640e-03 1.454236054998648251e+04
5.148867450137492065e-03 1.470230240301729827e+04
5.232614239486661420e-03 1.486273513381442172e+04
5.317723177850971691e-03 1.502361856163735865e+04
5.404216420705914431e-03 1.518491127544854862e+04
5.492116483887789224e-03 1.534657072406287807e+04
5.581446249454961352e-03 1.550855321620307041e+04
5.672228971644543982e-03 1.567081392158792551e+04
5.764488282925879677e-03 1.583330687308385677e+04
5.858248200152535966e-03 1.599598496995119785e+04
5.953533130814370189e-03 1.615879998221490314e+04
6.050367879391217903e-03 1.632170255619008640e+04
6.148777653810022850e-03 1.648464222119079568e+04
6.248788072006894283e-03 1.664756739745110099e+04
6.350425168595961664e-03 1.681042533419532992e+04
6.453715401646701634e-03 1.697316052185376975e+04
6.558685659571428586e-03 1.713571461516981071e+04
6.665363268124913435e-03 1.729802799879304075e+04
6.773775997517751668e-03 1.746003987444291124e+04
6.883952069645496441e-03 1.762168827757151666e+04
6.995920165435374691e-03 1.778291009566980574e+04
7.109709432312431160e-03 1.794364108824596042e+04
7.225349491787214085e-03 1.810381590850223074e+04
7.342870447166765027e-03 1.826336812673573877e+04
7.462302891391107279e-03 1.842223025548575970e+04
7.583677914997191336e-03 1.858033377645019937e+04
7.707027114212295846e-03 1.873760916918918520e+04
7.832382599179196422e-03 1.889398561108784270e+04
7.959777002314986222e-03 1.904938733966273503e+04
8.089243486805938743e-03 1.920373489605999202e+04
8.220815755240539618e-03 1.935694768307484628e+04
8.354528058382862735e-03 1.950894405327216737e+04
8.490415204088745324e-03 1.965964135389215880e+04
8.628512566366895731e-03 1.980895597420731792e+04
8.768856094587426653e-03 1.995680339534140512e+04
8.911482322840200837e-03 2.010309824255651620e+04
9.056428379445292942e-03 2.024775434000812675e+04
9.203731996618219960e-03 2.039068476796725008e+04
9.353431520292386156e-03 2.053180192250149412e+04
9.505565920101190225e-03 2.067101757760422697e+04
9.660174799522644809e-03 2.080824168430857753e+04
9.817298406188839852e-03 2.094337481712462250e+04
9.976977642363200546e-03 2.107631309018901447e+04
1.013925407558815238e-02 2.120695191520105072e+04
1.030416994950587514e-02 2.133518610526090924e+04
1.047176819485520251e-02 2.146090996878064470e+04
1.064209244064724495e-02 2.158401740693201282e+04
1.081518702552288110e-02 2.170440201458156662e+04
1.099109700929497106e-02 2.182195718465220853e+04
1.116986818467822704e-02 2.193657621584121807e+04
1.135154708920999012e-02 2.204815242361738638e+04
1.153618101736478621e-02 2.215657925440621329e+04
1.172381803286598641e-02 2.226175040286679723e+04
1.191450698119776025e-02 2.236355606656046803e+04
1.210829750232039412e-02 2.246187036779173650e+04
1.230524004359261590e-02 2.255656330598494969e+04
1.250538587290391315e-02 2.264750524922291152e+04
1.270878709202058129e-02 2.273456710864961497e+04
1.291549665014883955e-02 2.281762051765080469e+04
1.312556835771842671e-02 2.289653801563331945e+04
1.333905690039058692e-02 2.297119323616933980e+04
1.355601785329368925e-02 2.304146109925053679e+04
1.377650769549053529e-02 2.310721800737747981e+04
1.400058382468097502e-02 2.316834204518692422e+04
1.422830457214351897e-02 2.322471318230316683e+04
1.445972921792019507e-02 2.327621346409662874e+04
1.469491800624817164e-02 2.332271926130992506e+04
1.493393216124251806e-02 2.336408829229577168e+04
1.517683390283405473e-02 2.340017737681306244e+04
1.542368646296627538e-02 2.343084614951654657e+04
1.567455410205595076e-02 2.345595735276301275e+04
1.592950212572123020e-02 2.347537713305571378e+04
1.618859690178197502e-02 2.348897534047122099e+04
1.645190587753662254e-02 2.349662583037359946e+04
1.671949759731989824e-02 2.349820676668938177e+04
1.699144172034625783e-02 2.349360092597614857e+04
1.726780903884355886e-02 2.348269600149186590e+04
1.754867149648150354e-02 2.346538490643269688e+04
1.783410220710007765e-02 2.344156603678024476e+04
1.812417547374237450e-02 2.341114064423521631e+04
1.841896680799710515e-02 2.337401111217437574e+04
1.871855294965579092e-02 2.333008581447594042e+04
1.902301188668943654e-02 2.327927991096037658e+04
1.933242287555045000e-02 2.322151565226796083e+04
1.964686646180446514e-02 2.315672267782830386e+04
1.996642450109793396e-02 2.308483830582252267e+04
2.029118018046677935e-02 2.300580781402676075e+04
2.062121803999142355e-02 2.291958471041798111e+04
2.095662399480432980e-02 2.282613099241483724e+04
2.129748535745520921e-02 2.272541739363066517e+04
2.164389086064020043e-02 2.261742361701496338e+04
2.199593068030074663e-02 2.250214013979585434e+04
2.235369645909794298e-02 2.237961055665549065e+04
2.271728133026905058e-02 2.224993506752056783e+04
2.308677994187169694e-02 2.211322370450961535e+04
2.346228848142262527e-02 2.196959364994709176e+04
2.384390470093720668e-02 2.181916906949576514e+04
2.423172794237598085e-02 2.166208093285333962e+04
2.462585916350546605e-02 2.149846682236977722e+04
2.502640096417919208e-02 2.132847072997419673e+04
2.543345761304648123e-02 2.115224284282854205e+04
2.584713507469563881e-02 2.096993931815660471e+04
2.626754103723835665e-02 2.078172204772294208e+04
2.669478494034320526e-02 2.058775841246533309e+04
2.712897800372467139e-02 2.038823001316791851e+04
2.757023325609582465e-02 2.018344507775194506e+04
2.801866556459195121e-02 1.997379872010842155e+04
2.847439166467244723e-02 1.975968288808685247e+04
2.893753019050950351e-02 1.954148357881532138e+04
2.940820170587063812e-02 1.931958013925996420e+04
2.988652873550382699e-02 1.909434462310147137e+04
3.037263579703311511e-02 1.886614120350870144e+04
3.086664943337274689e-02 1.863532564113626722e+04
3.136869824566876352e-02 1.840224480645151925e+04
3.187891292677645649e-02 1.816723625528650155e+04
3.239742629528195167e-02 1.793062785632685700e+04
3.292437333007768724e-02 1.769273746907972964e+04
3.345989120549974771e-02 1.745388656321033341e+04
3.400411932703705647e-02 1.721449235051131836e+04
3.455719936762139538e-02 1.697500423676577338e+04
3.511927530450727891e-02 1.673585156999143510e+04
3.569049345675229246e-02 1.649744331485136354e+04
3.627100252330647812e-02 1.626016812867714361e+04
3.686095362172157885e-02 1.602439453133147981e+04
3.746050032748993175e-02 1.579047116142904088e+04
3.806979871402283583e-02 1.555872711154795434e+04
3.868900739327975347e-02 1.532947233522522038e+04
3.931828755705769896e-02 1.510299811874052648e+04
3.995780301895269365e-02 1.487957761093912995e+04
4.060772025700365440e-02 1.465946640462881078e+04
4.126820845702951907e-02 1.444289645695739273e+04
4.193943955667186335e-02 1.423005253749750591e+04
4.262158829015324363e-02 1.402109693524849899e+04
4.331483223376398489e-02 1.381617974466388841e+04
4.401935185208874501e-02 1.361543947473823391e+04
4.473533054498463751e-02 1.341900366750607827e+04
4.546295469532399963e-02 1.322698952475463739e+04
4.620241371751312998e-02 1.303950454055338014e+04
4.695390010680058207e-02 1.285664713745753943e+04
4.771760948938745528e-02 1.267850730449848015e+04
4.849374067335232574e-02 1.250516723532153082e+04
4.928249570040513228e-02 1.233670196507632318e+04
5.008407989848211866e-02 1.217317996086240782e+04
5.089870193519679953e-02 1.201461216388335197e+04
5.172657387216018920e-02 1.186085724814957393e+04
5.256791122018424078e-02 1.171175220565217205e+04
5.342293299538351803e-02 1.156713282071684262e+04
5.429186177618942205e-02 1.142681207325708419e+04
5.517492376129123216e-02 1.129060349876877626e+04
5.607234882852032282e-02 1.115830412651580264e+04
5.698437059469142058e-02 1.102959645588418425e+04
5.791122647641758214e-02 1.090413726013158885e+04
5.885315775191450605e-02 1.078157994171373502e+04
5.981040962380938103e-02 1.066147100256235353e+04
6.078323128297230538e-02 1.054332517729377287e+04
6.177187597338494596e-02 1.042666413783071948e+04
6.277660105806499857e-02 1.031090587265042814e+04
6.379766808606282535e-02 1.019542620992625234e+04
6.483534286054720708e-02 1.007962077433177001e+04
6.588989550799949357e-02 9.962815317661264999e+03
6.696160054853221577e-02 9.844300138647889980e+03
6.805073696735206012e-02 9.723399010372513658e+03
6.915758828738524655e-02 9.599423317669630705e+03
7.028244264308346201e-02 9.471682007822786545e+03
7.142559285543126357e-02 9.339531612842652976e+03
7.258733650817252026e-02 9.202390172530040218e+03
7.376797602527729314e-02 9.059741436793940011e+03
7.496781874966876313e-02 8.911128894602356013e+03
7.618717702322991281e-02 8.756228489001630805e+03
7.742636826811269413e-02 8.594880151201703484e+03
7.868571506936851423e-02 8.426987864504484605e+03
7.996554525892346499e-02 8.252629817233691938e+03
8.126619200091944606e-02 8.072154370151661169e+03
8.258799387844263651e-02 7.885962015985629478e+03
8.393129498166364277e-02 7.694614431315540969e+03
8.529644499741025065e-02 7.499018487002807888e+03
8.668379930019773361e-02 7.300100065153379546e+03
8.809371904473990711e-02 7.098868447736923372e+03
8.952657125996392462e-02 6.896675214659996527e+03
9.098272894455558535e-02 6.694842765082764345e+03
9.246257116405742771e-02 6.494656061917301486e+03
9.396648314954690606e-02 6.297624854305431654e+03
9.549485639791965852e-02 6.105182782737327216e+03
9.704808877380305399e-02 5.918617512883393829e+03
9.862658461312820424e-02 5.739210237826560842e+03
1.002307548283864341e-01 5.568127356716842769e+03
1.018610170155975214e-01 5.406356402672510740e+03
1.035177955630176283e-01 5.254596584152066498e+03
1.052015217616159015e-01 5.113379313585620366e+03
1.069126339173477047e-01 4.983122203265236749e+03
1.086515774652537236e-01 4.863741340877056246e+03
1.104188050854160164e-01 4.754890054203922773e+03
1.122147768207980151e-01 4.656218739452240698e+03
1.140399601970032983e-01 4.566848642137723800e+03
1.158948303439811811e-01 4.485540630799544488e+03
1.177798701197118048e-01 4.411126343030680800e+03
1.196955702359042695e-01 4.342096794550080631e+03
1.216424293857368000e-01 4.276616665047355127e+03
1.236209543736769140e-01 4.212939834971529308e+03
1.256316602474121524e-01 4.149306727312547991e+03
1.276750704319264407e-01 4.083916197900266070e+03
1.297517168657586761e-01 4.015078061016295123e+03
1.318621401394748371e-01 3.941417018499883397e+03
1.340068896363950657e-01 3.861991833107955699e+03
1.361865236756082675e-01 3.776014630438750828e+03
1.384016096573130183e-01 3.683176407939251476e+03
1.406527242105236331e-01 3.584001431390616290e+03
1.429404533431760937e-01 3.479142950255991309e+03
1.452653925946781055e-01 3.369594167918831772e+03
1.476281471909390852e-01 3.257189470574319330e+03
1.500293322019216613e-01 3.143748195670144923e+03
1.524695727017572888e-01 3.031046464892265703e+03
1.549495039314631450e-01 2.921184279319186771e+03
1.574697714643086555e-01 2.816093354051246934e+03
1.600310313738701751e-01 2.717366816476683198e+03
1.626339504048190387e-01 2.626094051321671031e+03
1.652792061464893880e-01 2.543122026199411721e+03
1.679674872092652982e-01 2.469027375374067560e+03
1.706994934038407741e-01 2.403324393032694388e+03
1.734759359233932485e-01 2.345195251990445740e+03
1.762975375287203772e-01 2.293814746059906156e+03
1.791650327363899509e-01 2.247537101839573552e+03
1.820791680099462517e-01 2.204386216031736240e+03
1.850407019542302245e-01 2.162529998743240867e+03
1.880504055128583429e-01 2.120217434050299744e+03
1.911090621689136015e-01 2.075797531655678085e+03
1.942174681489024224e-01 2.027807480625516064e+03
1.973764326300255223e-01 1.975656269758070948e+03
2.005867779508233861e-01 1.919467487062776172e+03
2.038493398252464173e-01 1.859463047451729153e+03
2.071649675602066643e-01 1.796658752392565702e+03
2.105345242766703817e-01 1.732814766033044407e+03
2.139588871343421350e-01 1.669536341658630590e+03
2.174389475600079780e-01 1.608339183249427833e+03
2.209756114795903281e-01 1.550688461445052553e+03
2.245697995539771563e-01 1.497841642114906790e+03
2.282224474186896057e-01 1.450384351296561817e+03
2.319345059274427467e-01 1.407936316092658672e+03
2.357069413996727703e-01 1.370068277380298468e+03
2.395407358720879343e-01 1.336029367724014946e+03
2.434368873543112932e-01 1.304267400244153578e+03
2.473964100886811845e-01 1.273247985438145406e+03
2.514203348142796668e-01 1.241700829618258922e+03
2.555097090352507205e-01 1.208863090536704021e+03
2.596655972934872603e-01 1.174137823745714513e+03
2.638890814457512946e-01 1.137276092268416733e+03
2.681812609453012586e-01 1.099135498752312287e+03
2.725432531281027360e-01 1.060759245426597772e+03
2.769761935036890721e-01 1.023089367004874589e+03
2.814812360507581435e-01 9.870598935126672586e+02
2.860595535175744497e-01 9.535127258351536739e+02
2.907123377272575193e-01 9.230544940330271402e+02
2.954407998880379527e-01 8.953545951367309499e+02
3.002461709085549324e-01 8.697388146155930144e+02
3.051297017182870719e-01 8.455845594038994477e+02
3.100926635931929853e-01 8.221399515599027836e+02
3.151363484866475662e-01 7.986207316888978767e+02
3.202620693657650119e-01 7.743734604900475915e+02
3.254711605531848129e-01 7.494442963114308895e+02
3.307649780744242318e-01 7.243384404681642081e+02
3.361449000108768237e-01 6.995194190128387390e+02
3.416123268585524730e-01 6.754533607204050440e+02
3.471686818926559281e-01 6.526000948070335426e+02
3.528154115380882638e-01 6.313466354678641892e+02
3.585539857459817403e-01 6.116459073296180122e+02
3.643858983763548220e-01 5.929918063251039939e+02
3.703126675869923279e-01 5.749083437544861681e+02
3.763358362286532977e-01 5.570735043286991868e+02
3.824569722466998889e-01 5.393588900516438116e+02
3.886776690892667641e-01 5.216679256271934264e+02
3.949995461220646709e-01 5.040614328376499316e+02
4.014242490499317362e-01 4.868805327306474737e+02
4.079534503452448835e-01 4.704560019115788236e+02
4.145888496832911274e-01 4.549552582693214049e+02
4.213321743847288636e-01 4.402113112321939639e+02
4.281851798652415164e-01 4.260248768229411667e+02
4.351496500925045030e-01 4.122359682545727537e+02
4.422273980505896929e-01 3.987608820412487489e+02
4.494202662119142211e-01 3.855383434018368689e+02
4.567301270168746541e-01 3.725433578218983826e+02
4.641588833612781961e-01 3.598855304616686226e+02
4.717084690917012768e-01 3.476973630412409761e+02
4.793808495089106891e-01 3.360679168385710796e+02
4.871780218794631301e-01 3.249206812587917739e+02
4.951020159556351330e-01 3.141294699106390453e+02
5.031548945038056830e-01 3.035935558812767567e+02
5.113387538414321254e-01 2.933138414370003488e+02
5.196557243827657491e-01 2.833347112381777606e+02
5.281079711934330012e-01 2.736918242923196658e+02
5.366976945540475885e-01 2.643858012516141116e+02
5.454271305329836395e-01 2.553973398143128861e+02
5.542985515684663023e-01 2.467082002902564568e+02
5.633142670601352098e-01 2.383007761959154607e+02
5.724766239702178128e-01 2.301582357374406911e+02
5.817880074344934371e-01 2.222654404847028786e+02
5.912508413831880638e-01 2.146172993875227633e+02
6.008675891719680306e-01 2.072178771119693010e+02
6.106407542232036301e-01 2.000701782151996042e+02
6.205728806776500406e-01 1.931683180028009303e+02
6.306665540567405470e-01 1.864960876548730084e+02
6.409244019356457045e-01 1.800379625928286771e+02
6.513490946272796345e-01 1.737842723834096148e+02
6.619433458774387491e-01 1.677337463726826172e+02
6.727099135712336642e-01 1.618853946501975258e+02
6.836516004510237998e-01 1.562357215216168527e+02
6.947712548460239779e-01 1.507766195599405705e+02
7.060717714137765277e-01 1.454998067309952035e+02
7.175560918936921828e-01 1.403979544887725979e+02
7.292272058728312967e-01 1.354655017101631245e+02
7.410881515641569717e-01 1.306973132834674516e+02
7.531420165974376246e-01 1.260885512631730450e+02
7.653919388230155940e-01 1.216351283707203237e+02
7.778411071286481793e-01 1.173331295185403178e+02
7.904927622696419354e-01 1.131783759354505463e+02
8.033501977124734017e-01 1.091653654416541031e+02
8.164167604921471755e-01 1.052883985291523459e+02
8.296958520834915030e-01 1.015422115445916234e+02
8.431909292866250905e-01 9.792277840562492486e+01
8.569055051268347212e-01 9.442659238448096914e+01
8.708431497690723999e-01 9.105016764394673601e+01
8.850074914473438081e-01 8.778983777149058199e+01
8.994022174092053401e-01 8.464189520931407174e+01
9.140310748756222958e-01 8.160272341627889148e+01
9.288978720164496883e-01 7.866866170662711966e+01
9.440064789417602631e-01 7.583606711692030444e+01
9.593608287093147169e-01 7.310143283683980542e+01
9.749649183484097037e-01 7.046149080921622954e+01
9.908228099003787426e-01 6.791318024260300490e+01
1.006938631476027135e+00 6.545353137924318787e+01
1.023316578330244919e+00 6.307963743290540037e+01
1.039960913954120381e+00 6.078865228721851821e+01
1.056875971184805030e+00 5.857781675750869255e+01
1.074066153333432139e+00 5.644445780870921681e+01
1.091535935331391149e+00 5.438598609539035778e+01
1.109289864895222744e+00 5.239989356293408207e+01
1.127332563710487179e+00 5.048375110868722260e+01
1.145668728634872569e+00 4.863520630194025074e+01
1.164303132920875505e+00 4.685198116158321824e+01
1.183240627458377991e+00 4.513186999030126856e+01
1.202486142037412220e+00 4.347273726418252693e+01
1.222044686631488686e+00 4.187251557661652868e+01
1.241921352701784498e+00 4.032920363537841268e+01
1.262121314522546056e+00 3.884086431180075749e+01
1.282649830528059809e+00 3.740562274094653361e+01
1.303512244681508836e+00 3.602166447171256181e+01
1.324713987866117382e+00 3.468723366579764189e+01
1.346260579298911075e+00 3.340063134448972448e+01
1.368157627967470313e+00 3.216021368223471200e+01
1.390410834090069603e+00 3.096439034596256690e+01
1.413025990599533488e+00 2.981162287916399478e+01
1.436008984651260700e+00 2.870042312971765242e+01
1.459365799155757815e+00 2.762935172048793220e+01
1.483102514336102962e+00 2.659701656172405038e+01
1.507225309310755490e+00 2.560207140430514983e+01
1.531740463702079724e+00 2.464321443289303915e+01
1.556654359271061994e+00 2.371918689806448910e+01
1.581973481578601515e+00 2.282877178651260053e+01
1.607704421673821882e+00 2.197079252842095443e+01
1.633853877809860355e+00 2.114411174112638747e+01
1.660428657187529522e+00 2.034763000820505141e+01
1.687435677727375571e+00 1.958028469312606035e+01
1.714881969870540868e+00 1.884104878663620752e+01
1.742774678408917310e+00 1.812892978705120939e+01
1.771121064345086760e+00 1.744296861264400889e+01
1.799928506782476401e+00 1.678223854533697335e+01
1.829204504846293711e+00 1.614584420491625494e+01
1.858956679635688225e+00 1.553292055300420316e+01
1.889192776207664348e+00 1.494263192603869683e+01
1.919920665593283005e+00 1.437417109652203528e+01
1.951148346846616422e+00 1.382675836181877038e+01
1.982883949127071554e+00 1.329964065979258514e+01
2.015135733815558439e+00 1.279209068044966280e+01
2.047912096665083226e+00 1.230340565780105955e+01
2.081221569986337006e+00 1.183290674192096681e+01
2.115072824868794665e+00 1.137993853947357970e+01
2.149474673437980154e+00 1.094386835110732648e+01
2.184436071149428393e+00 1.052408542470843678e+01
2.219966119119952452e+00 1.012000023161453477e+01
2.256074066496859043e+00 9.731043765147298075e+00
2.292769312865648779e+00 9.356666860839261801e+00
2.330061410696924629e+00 8.996339537743294201e+00
2.367960067833078330e+00 8.649550360229621759e+00
2.406475150015421782e+00 8.315805819689112255e+00
2.445616683452443763e+00 7.994629735575389695e+00
2.485394857429798154e+00 7.685562675233552632e+00
2.525820026962784404e+00 7.388161391975355485e+00
2.566902715491951703e+00 7.101998280875687186e+00
2.608653617622550325e+00 6.826660851777543115e+00
2.651083601908536203e+00 6.561751219005910407e+00
2.694203713681882384e+00 6.306885607303583718e+00
2.738025177927857712e+00 6.061693873514844455e+00
2.782559402207125832e+00 5.825819043554221643e+00
2.827817979625343980e+00 5.598916864210526256e+00
2.873812691851063583e+00 5.380655369347426387e+00
2.920555512182745339e+00 5.170714460073435603e+00
2.968058608665602449e+00 4.968785498465835282e+00
3.016334347259197468e+00 4.774570914443152070e+00
3.065395295056529967e+00 4.587783825392572901e+00
3.115254223555484536e+00 4.408147668168561850e+00
3.165924111983520639e+00 4.235395843089360568e+00
3.217418150676371269e+00 4.069271369568538077e+00
3.269749744511767808e+00 3.909526553027807605e+00
3.322932516398974911e+00 3.755922662747751328e+00
3.376980310825087539e+00 3.608229620322095155e+00
3.431907197459042269e+00 3.466225698390298149e+00
3.487727474814177331e+00 3.329697229332701180e+00
3.544455673970435594e+00 3.198438323620483636e+00
3.602106562357073827e+00 3.072250597521981152e+00
3.660695147596898735e+00 2.950942909874886944e+00
3.720236681413065849e+00 2.834331107642039438e+00
3.780746663599348967e+00 2.722237779976780292e+00
3.842240846055060999e+00 2.614492020531136607e+00
3.904735236885564120e+00 2.510929197748177355e+00
3.968246104569478128e+00 2.411390732887018107e+00
4.032789982193705214e+00 2.315723877220375648e+00
4.098383671757261482e+00 2.223781455416876440e+00
4.165044248545185290e+00 2.135421708195620827e+00
4.232789065573552278e+00 2.050508127202144149e+00
4.301635758106789886e+00 1.968909266955968462e+00
4.371602248248501965e+00 1.890498563136354448e+00
4.442706749606882610e+00 1.815154157130336454e+00
4.514967772036102112e+00 1.742758726637963829e+00
4.588404126454761034e+00 1.673199322136265765e+00
4.663034929742726042e+00 1.606367209009309072e+00
4.738879609717650432e+00 1.542157715157681297e+00
4.815957910192350866e+00 1.480470083906612278e+00
4.894289896114531579e+00 1.421207332037267568e+00
4.973895958790067517e+00 1.364276112771457772e+00
5.054796821191235523e+00 1.309586583545118810e+00
5.137013543351338640e+00 1.257052278411056490e+00
5.220567527846974976e+00 1.206589984916575542e+00
5.305480525369573819e+00 1.158119625306193612e+00
5.391774640387505535e+00 1.111564141904605174e+00
5.479472336900281348e+00 1.066849386539470812e+00
5.568596444286408875e+00 1.023904013868061069e+00
5.659170163246242780e+00 9.826593784761912254e-01
5.751217071841614015e+00 9.430494356218750429e-01
5.844761131633638307e+00 9.050106455003795736e-01
5.939826693920350564e+00 8.684818809111813920e-01
6.036438506075864296e+00 8.334043382111662179e-01
6.134621717992506440e+00 7.997214514422056331e-01
6.234401888627863819e+00 7.673788095246916185e-01
6.335804992658253809e+00 7.363240764122572779e-01
6.438857427240412434e+00 7.065069141062152447e-01
6.543586018883228661e+00 6.778789084315343105e-01
6.650018030431118277e+00 6.503934974794393087e-01
6.758181168161109476e+00 6.240059026246803642e-01
6.868103588995307263e+00 5.986730620286518922e-01
6.979813907830652475e+00 5.743535665423680214e-01
7.093341204987989812e+00 5.510075979261317425e-01
7.208715033782135073e+00 5.285968693055254075e-01
7.325965428215230446e+00 5.070845677858965006e-01
7.445122910795142879e+00 4.864352991501847967e-01
7.566218500481046938e+00 4.666150345673671929e-01
7.689283720758306018e+00 4.475910592412135625e-01
7.814350607844541940e+00 4.293319229314297436e-01
7.941451719029339884e+00 4.118073922814486365e-01
8.070620141149507987e+00 3.949884021828737324e-01
8.201889499202211553e+00 3.788470038387413696e-01
8.335293965098186320e+00 3.633563319927424762e-01
8.470868266557401327e+00 3.484905668062938666e-01
8.608647696149244410e+00 3.342248940616089903e-01
8.748668120479914379e+00 3.205354668408572638e-01
8.890965989529167501e+00 3.073993686283790772e-01
9.035578346138921191e+00 2.947945777847099658e-01
9.182542835656281710e+00 2.826999333429508487e-01
9.331897715733237675e+00 2.710951020797651156e-01
9.483681866285927242e+00 2.599605468148913356e-01
9.637934799615795356e+00 2.492774958947206465e-01
9.794696670695385521e+00 2.390279138170082474e-01
9.954008287621517681e+00 2.291944729552890525e-01
1.011591112223829647e+01 2.197605263430475742e-01
1.028044732093309754e+01 2.107100814790412724e-01
1.044765971560805262e+01 2.020277751165859281e-01
1.061759183482999092e+01 1.936988490008864638e-01
1.079028791516183539e+01 1.857091265197668428e-01
1.096579291267809886e+01 1.780449902343978763e-01
1.114415251466787993e+01 1.706933602577610509e-01
1.132541315152812800e+01 1.636416734497700698e-01
1.150962200885031272e+01 1.568778633990483562e-01
1.169682703970384807e+01 1.503903411624292752e-01
1.188707697711903322e+01 1.441679767342926022e-01
1.208042134677328860e+01 1.382000812188114713e-01
1.227691047988360395e+01 1.324763896791752993e-01
1.247659552630868340e+01 1.269870446387650620e-01
1.267952846786433874e+01 1.217225802101504772e-01
1.288576213185518071e+01 1.166739068286587883e-01
1.309535020482667633e+01 1.118322965680749043e-01
1.330834724654076062e+01 1.071893690168614632e-01
1.352480870417873859e+01 1.027370776940527697e-01
1.374479092677536585e+01 9.846769698472766785e-02
1.396835117988739583e+01 9.437380957570262741e-02
1.419554766050101513e+01 9.044829437276608042e-02
1.442643951218158804e+01 8.668431488147179675e-02
1.466108684046982980e+01 8.307530803414681086e-02
1.489955072852853668e+01 7.961497344640255935e-02
1.514189325304351996e+01 7.629726308705132853e-02
1.538817750038346510e+01 7.311637134590212583e-02
1.563846758302247864e+01 7.006672548449005555e-02
1.589282865622976360e+01 6.714297645345031207e-02
1.615132693503089456e+01 6.433998950099818759e-02
1.641402971144466605e+01 6.165283503513382946e-02
1.668100537200059108e+01 5.907678180580860222e-02
1.695232341554121192e+01 5.660728925069787032e-02
1.722805447131392143e+01 5.423999992637383583e-02
1.750827031735723338e+01 5.197073223467199576e-02
1.779304389918577201e+01 4.979547343297366369e-02
1.808244934877951948e+01 4.771037291753805337e-02
1.837656200388172323e+01 4.571173576943230593e-02
1.867545842761073871e+01 4.379601655299523999e-02
1.897921642839099476e+01 4.195981335714564497e-02
1.928791508020777812e+01 4.019986207021460783e-02
1.960163474319185539e+01 3.851303087932388819e-02
1.992045708453871100e+01 3.689631498567608886e-02
2.024446509976801778e+01 3.534683152744328566e-02
2.057374313432911350e+01 3.386181470225414075e-02
2.090837690555749973e+01 3.243861108158445361e-02
2.124845352498882889e+01 3.107467510963893287e-02
2.159406152103567678e+01 2.976756477960047081e-02
2.194529086203311152e+01 2.851493748038627998e-02
2.230223297965936169e+01 2.731454600731166721e-02
2.266498079273693023e+01 2.616423473031446317e-02
2.303362873142131306e+01 2.506193591362862114e-02
2.340827276178294269e+01 2.400566618103241665e-02
2.378901041078890799e+01 2.299352312101743748e-02
2.417594079169128563e+01 2.202368202643851039e-02
2.456916462982790250e+01 2.109439276341565708e-02
2.496878428884326695e+01 2.020397676445257265e-02
2.537490379733571544e+01 1.935082414093367356e-02
2.578762887593803654e+01 1.853339091034285693e-02
2.620706696483849640e+01 1.775019633372666022e-02
2.663332725174980808e+01 1.699982035909445438e-02
2.706652070033241131e+01 1.628090116661546141e-02
2.750676007908067433e+01 1.559213281162752027e-02
2.795415999067859047e+01 1.493226296162871586e-02
2.840883690183301269e+01 1.430009072356809921e-02
2.887090917359234510e+01 1.369446455789297655e-02
2.934049709215786805e+01 1.311428027594881141e-02
2.981772290019673477e+01 1.255847911745506910e-02
3.030271082866399368e+01 1.202604590491012163e-02
3.079558712914223406e+01 1.151600727189757561e-02
3.129648010670750580e+01 1.102742996238359821e-02
3.180552015332919780e+01 1.055941919622070506e-02
3.232283978181380490e+01 1.011111700764244503e-02
3.284857366030046677e+01 9.681700719537124009e-03
3.338285864731757613e+01 9.270381645649614782e-03
3.392583382740991738e+01 8.876403712844318020e-03
3.447764054734463457e+01 8.499042127365330143e-03
3.503842245290675805e+01 8.137602094965694019e-03
3.560832552629281622e+01 7.791417592761000141e-03
3.618749812411276423e+01 7.459850190745934313e-03
3.677609101601030517e+01 7.142287920992675121e-03
3.737425742391064176e+01 6.838144192629189502e-03
3.798215306190736129e+01 6.546856750768602871e-03
3.859993617679771205e+01 6.267886677633941438e-03
3.922776758927715690e+01 6.000717434191122322e-03
3.986581073580438783e+01 5.744853940669392492e-03
4.051423171114647204e+01 5.499821694412755820e-03
4.117319931161679136e+01 5.265165923566592597e-03
4.184288507901584353e+01 5.040450775163338171e-03
4.252346334528677829e+01 4.825258536227432053e-03
4.321511127789761986e+01 4.619188886574325872e-03
4.391800892596085504e+01 4.421858182030957013e-03
4.463233926710397270e+01 4.232898766855005407e-03
4.535828825510191109e+01 4.051958314179070382e-03
4.609604486828429515e+01 3.878699193352234172e-03
4.684580115873045258e+01 3.712797863096066724e-03
4.760775230226368393e+01 3.553944289435591666e-03
4.838209664925957298e+01 3.401841387406123740e-03
4.916903577628031030e+01 3.256204485577551214e-03
4.996877453854878581e+01 3.116760812474952871e-03
5.078152112327670409e+01 2.983249004011605168e-03
5.160748710385907145e+01 2.855418631085420225e-03
5.244688749495118429e+01 2.733029746523490261e-03
5.329994080844092963e+01 2.615852450592333518e-03
5.416686911033146146e+01 2.503666474322263635e-03
5.504789807854967165e+01 2.396260779924445222e-03
5.594325706169377099e+01 2.293433177608218600e-03
5.685317913873753071e+01 2.194989958133393426e-03
5.777790117970506856e+01 2.100745540459502021e-03
5.871766390733249352e+01 2.010522133878998429e-03
5.967271195973309972e+01 1.924149414046178201e-03
6.064329395408061174e+01 1.841464212337234506e-03
6.162966255132942450e+01 1.762310217999198993e-03
6.263207452198692948e+01 1.686537692567600813e-03
6.365079081295564833e+01 1.614003195295780771e-03
6.468607661546320742e+01 1.544569307775584075e-03
6.573820143409585626e+01 1.478104386579127700e-03
6.680743915695614987e+01 1.414482335076783486e-03
6.789406812696111615e+01 1.353582372101378014e-03
6.899837121430010711e+01 1.295288809737266730e-03
7.012063589007176745e+01 1.239490840313684731e-03
7.126115430111745752e+01 1.186082332225031535e-03
7.242022334607315770e+01 1.134961634215965205e-03
7.359814475265770284e+01 1.086031387783888006e-03
7.479522515621812317e+01 1.039198347365576482e-03
7.601177617955322319e+01 9.943732079881319273e-04
7.724811451403400042e+01 9.514704400774980390e-04
7.850456200204509116e+01 9.104081311302465555e-04
7.978144572076628549e+01 8.711078339662444575e-04
8.107909806731677804e+01 8.334944212914298552e-04
8.239785684528510501e+01 7.974959463107493323e-04
8.373806535266488993e+01 7.630435091421914392e-04
8.510007247122246099e+01 7.300711287926380097e-04
8.648423275731725823e+01 6.985156204663273269e-04
8.789090653419962962e+01 6.683164779859099291e-04
8.932045998580959179e+01 6.394157611150679465e-04
9.077326525210223451e+01 6.117579875803352092e-04
9.224970052592175307e+01 5.852900295980295684e-04
9.375015015145289965e+01 5.599610147200210879e-04
9.527500472427300338e+01 5.357222308198727415e-04
9.682466119303114738e+01 5.125270350480091259e-04
9.839952296278227095e+01 4.903307665916934203e-04
1.000000000000000000e+02 4.690906630823038232e-04
